time,x,y,z,phi,theta,psi,x_velocity,y_velocity,z_velocity,phi_velocity,theta_velocity,psi_velocity,rotor_speed1,rotor_speed2,rotor_speed3,rotor_speed4
0.06,-3.53902254513e-07,1.1759463917e-07,10.0021145641,6.28273183591,0.000335154365745,0.0,-2.99667041562e-05,-1.07236907461e-05,0.0704830895379,-0.0303491406971,0.0149064765463,0.0,426.48239303980466,427.7533864294364,429.0364954615227,426.45248314084273
0.12000000000000001,-1.23595952681e-05,-1.67817635404e-05,10.0091606478,6.28080033109,0.00116080196578,0.0,-0.00045727923994,-0.000741999159958,0.164376530737,-0.036157321269,0.0113649833575,0.0,435.22265815650553,434.92609070864205,435.1074615863264,434.6206055051281
0.18,-6.41529253472e-05,-0.000113249302716,10.019978758,6.27836527135,0.0022300928707,0.0,-0.00135184682478,-0.00268341576232,0.196221107578,-0.0513620374845,0.028334227539,0.0,413.7085045965323,415.19965397039425,415.710566203219,414.375286986472
0.23999999999999996,-0.000197387248767,-0.000382904985424,10.034606234,6.27650137083,0.003787726855,0.0,-0.00325472015169,-0.00653879332342,0.291339517736,-0.0069297848075,0.0207323833404,0.0,435.0202766379261,434.3835226120684,434.25020709115415,437.96007767932815
0.3,-0.000480019676742,-0.000921789737535,10.0561609274,6.27641235604,0.00463068126589,0.0,-0.00628395814718,-0.0114489441681,0.427107965736,0.0076403982565,-0.00471183523149,0.0,449.0170659265755,446.9483963753719,447.8672959509157,449.0506169994152
0.36000000000000004,-0.000968281757036,-0.0017711807577,10.0884407318,6.27700698056,0.00404878457697,0.0,-0.00994217628665,-0.0167998275468,0.648786292587,0.0141024821335,-0.0222279943708,0.0,475.0114621675397,473.6666325954837,473.7508262313692,474.2472316361566
0.4200000000000001,-0.00165255041675,-0.00291837328819,10.1328117514,6.27755576197,0.00254602031954,0.0,-0.0127054028528,-0.0213568395765,0.8301342829,-0.00328571447285,-0.0313793180265,0.0,462.7467283464761,462.02580128139556,463.2068255479378,461.837485397284
0.48000000000000015,-0.00246364664385,-0.00432519221471,10.1871809832,6.27776086306,0.000336184071713,0.0,-0.0141099217543,-0.0255332342152,0.982055347351,0.0142613782849,-0.0509081137118,0.0,454.6186173535341,453.05066970573176,453.0522667629001,454.46069508788577
0.5400000000000001,-0.00330550939374,-0.00597422080743,10.2506647475,6.27860105827,6.2807715262,0.0,-0.0136356062707,-0.029340682404,1.13393187071,0.0134819581346,-0.0372414240953,0.0,453.23045148403537,454.3261640140595,454.3452382170009,454.2826354405336
0.6000000000000002,-0.0040621400271,-0.00783103065416,10.3227822949,6.27898783258,6.27819817002,0.0,-0.0113315754317,-0.0324815410828,1.26984457455,-0.0138523615262,-0.0576527292379,0.0,450.4937894001676,448.83938039669806,450.3271227034325,448.1108166060914
0.6600000000000003,-0.00464176175686,-0.00985832840167,10.3993413626,6.27772549292,6.2756517767,0.0,-0.00773116883264,-0.035182285171,1.28210866265,-0.0420234046122,-0.0223861864577,0.0,408.21035059393694,411.3434926858037,411.01509239054405,408.51084113158805
0.7200000000000003,-0.00494501403757,-0.0120916286386,10.4792420187,6.27487124607,6.27421333876,0.0,-0.00223666651574,-0.039530746005,1.3811289058,-0.0619797830777,-0.0273548471483,0.0,438.9150689149857,438.5024713910565,438.60939193462025,436.9474914442134
0.7800000000000004,-0.00492097631243,-0.0146176671746,10.5615743683,6.27114160546,6.27313668417,0.0,0.00314913880398,-0.0449856466786,1.36330001558,-0.062524769173,-0.00376267366912,0.0,398.61300940249254,400.762906688413,399.8404005843368,399.7874957238851
0.8400000000000004,-0.00450206039824,-0.0176079395066,10.6485843483,6.26760311823,6.27349246063,0.0,0.0107997196039,-0.055097865089,1.53680986923,-0.0526845779922,0.0204354014732,0.0,460.8484862763381,462.7569854468692,460.7788857946728,461.5537387280472
0.9000000000000005,-0.00363769817765,-0.0212831387874,10.7459873866,6.2639643094,6.27468710816,0.0,0.0178735098922,-0.0677781837251,1.70971013214,-0.0855766785845,0.0188404630983,0.0,461.61700926535804,461.4910979127534,463.29876233879986,460.7027189335882
0.9600000000000005,-0.00239740710958,-0.0257584245385,10.8511585149,6.25865543398,6.27578781673,0.0,0.0233568772823,-0.0819165214491,1.79585179421,-0.0950308449583,0.0173357055547,0.0,435.33998466575696,435.2140140467047,435.9600541258071,435.1627025203782
1.0200000000000005,-0.000856119993061,-0.0311703013647,10.9606624947,6.25279087187,6.27685789785,0.0,0.0279174919333,-0.0990306224151,1.85417286173,-0.103803102346,0.0188143568326,0.0,427.37581100711964,427.5017609734773,426.4561458245155,425.69753488634115
1.0800000000000005,0.000944910867514,-0.0377613117121,11.0748217838,6.24648809653,6.27776809434,0.0,0.0320110315636,-0.121300657184,1.95095475491,-0.107653968196,0.00664791411414,0.0,440.30905288559126,439.3013418540911,439.08721958629627,438.7578487172359
1.1400000000000006,0.00297113095758,-0.0457892724122,11.1939975832,6.23991676479,6.27835224726,0.0,0.0354803107141,-0.14692926837,2.02142296165,-0.113544300045,0.0152895368679,0.0,431.17751263910674,431.90680430108495,431.416703346748,430.9080676682253
1.2000000000000006,0.00518644438109,-0.0554326049528,11.3161928333,6.2330193144,6.27944249195,0.0,0.0382705340844,-0.175141209271,2.05166684816,-0.117942363481,0.023386441705,0.0,418.2981128070617,419.00255378985867,418.5529441130201,418.1572996012444
1.2600000000000007,0.00756221583383,-0.0671160511165,11.4444346277,6.2258195581,6.28076499928,0.0,0.0407669775061,-0.215093485156,2.22269636478,-0.124451978503,0.0192072140904,0.0,463.8586699411404,463.53037317017095,462.9783650131819,462.4535457699951
1.3200000000000007,0.0100578895186,-0.081341812954,11.5825769523,6.21817934578,6.28172129218,0.0,0.0423033635203,-0.25991555581,2.38167362115,-0.133833591982,0.00843320776565,0.0,460.69683904403973,459.8441007997845,460.78101862646554,460.0245357139187
1.3800000000000008,0.0126284206811,-0.0985015653131,11.7313284515,6.21086917789,6.28199019749,0.0,0.0433336314442,-0.312929939547,2.57622276945,-0.104857515898,-0.00490404448228,0.0,472.0931047376064,471.0628501562771,470.86484515205785,473.08803926993943
1.4400000000000008,0.0152491230015,-0.118492908652,11.8847457702,6.20434732356,6.28149696306,0.0,0.0440545810717,-0.353976391854,2.53772649219,-0.117756607695,-0.0158526326515,0.0,397.7432627490197,396.7393824156884,399.3053896844188,398.1148857577414
1.5000000000000009,0.0179257659509,-0.141167620341,12.0372217884,6.19752406966,6.28053835781,0.0,0.0452513519615,-0.402458867664,2.54473030623,-0.106678962774,-0.0162261462318,0.0,414.44172925630795,414.4089722083685,412.2390786487499,413.2040827677313
1.560000000000001,0.0206975235006,-0.167058753901,12.1922570305,6.19109757426,6.27914752258,0.0,0.0472512582729,-0.461198217376,2.62286357044,-0.107980205702,-0.0431098743471,0.0,437.75812211815594,435.51517909968516,437.69343234568476,437.5748563497261
1.620000000000001,0.023626823038,-0.196708878186,12.3530933304,6.18422679933,6.27756079864,0.0,0.0505966691927,-0.527805911877,2.7379917087,-0.132623689754,-0.00513707090987,0.0,447.90190726589515,450.97912076844216,450.2787985143973,448.2687768054888
1.680000000000001,0.026776751788,-0.230393427559,12.5196948863,6.17625180205,6.27699115239,0.0,0.0544413836255,-0.595780528863,2.8151028889,-0.133508361309,-0.0200652830496,0.0,438.68912506360215,437.447903478288,438.2591060927437,438.16903393846485
1.740000000000001,0.0301901847055,-0.268628835128,12.6937742181,6.16781749212,6.27609503801,0.0,0.0594538585998,-0.679605860877,2.98697386663,-0.160954824247,-0.0062630483288,0.0,467.93986719897043,469.01316272224204,468.79341212867075,466.6379086553117
1.8000000000000012,0.0338835544951,-0.311468801744,12.8728278606,6.15800155418,6.27550568462,0.0,0.0636992657219,-0.749236856963,2.98136348322,-0.169485939039,-0.0181114147401,0.0,412.88132111907674,411.8347380414941,413.57533897654804,412.79539702164664
1.8600000000000012,0.0378915292052,-0.359421017506,13.0574727121,6.1477924187,6.27441524967,0.0,0.0700221624474,-0.850281546728,3.17274968191,-0.171517361593,-0.0182992037076,0.0,475.48420721943677,475.4699069887068,475.4731308130757,475.2917746580126
1.9200000000000013,0.0423000783554,-0.41360760315,13.2530696395,6.13769982519,6.2733906966,0.0,0.0770452653199,-0.95701888975,3.34643323131,-0.162310040341,-0.0147352274709,0.0,472.0689123380268,472.34394504471436,470.7297160532937,471.4162939338101
1.9800000000000013,0.047149609911,-0.474380702166,13.4587300477,6.12803548493,6.27215201054,0.0,0.0847150273024,-1.0697564665,3.50819715873,-0.158708258437,-0.0363589743451,0.0,470.06984827489794,468.39110480086305,469.71437623821714,469.97048295935986
2.0400000000000014,0.0525119665303,-0.542395125276,13.6756937979,6.11824177733,6.26972610678,0.0,0.0942968775029,-1.19842747838,3.72297570677,-0.174273765896,-0.0501626360082,0.0,487.23252940063935,486.19866481263983,487.237164215938,486.0489186976361
2.1000000000000014,0.0584276372738,-0.617369793957,13.8995531049,6.10807628422,6.26640380154,0.0,0.103175267115,-1.30164054147,3.7387062144,-0.161170396458,-0.0686255991342,0.0,428.28446135612927,426.7087951153002,425.9301802029998,427.0204559677125
2.1600000000000015,0.0648466409328,-0.697776176688,14.1190329807,6.0986017975,6.26198411815,0.0,0.111073208156,-1.37927733067,3.57763130238,-0.152080196714,-0.0863415425498,0.0,365.366180340405,363.5896812941934,363.5909490301601,364.4708939725508
2.2200000000000015,0.0720128564271,-0.784745806973,14.3382778697,6.0896439952,6.25651617148,0.0,0.128378821233,-1.52060619984,3.72972220689,-0.144247445936,-0.103025956511,0.0,470.7864352588366,469.4870177365763,470.05033330695727,470.63733829163937
2.2800000000000016,0.0802714714295,-0.879882520205,14.5640124363,6.08193278517,6.25063379939,0.0,0.147492559676,-1.65135620566,3.79425687353,-0.108025449426,-0.0895802864946,0.0,444.2934044604511,445.3861718063414,443.0401911654774,445.99253302546293
2.3400000000000016,0.089812046296,-0.983134369977,14.7941722754,6.07537859012,6.24505246116,0.0,0.171067872039,-1.79096497696,3.87717085216,-0.11177373444,-0.100984528027,0.0,451.56423357318613,450.63601611837305,452.2422335797754,451.92988028534535
2.4000000000000017,0.100828228128,-1.0946036459,15.0278692489,6.06826608818,6.23894607652,0.0,0.196702785689,-1.92528883824,3.91230989649,-0.137633383343,-0.103397379672,0.0,437.75960131392645,437.549604531541,438.3798591701973,436.2121647677749
2.4600000000000017,0.11356541246,-1.21459041285,15.2650615177,6.0598434168,6.23329250655,0.0,0.228447164104,-2.07503115595,3.9934330114,-0.146517690235,-0.0803297205746,0.0,453.0326751822728,454.8762262059701,452.88841239700264,452.15518841495725
2.520000000000002,0.128224980566,-1.34332646605,15.5052699197,6.05126887869,6.22806766376,0.0,0.260652242491,-2.21693638561,4.01306394942,-0.136530603293,-0.106108547068,0.0,436.3116445308289,434.1470170279615,434.0026756310799,434.820561523782
2.580000000000002,0.145133257792,-1.4816138921,15.7502897299,6.04284333087,6.22154918638,0.0,0.303629289372,-2.39340676451,4.15326863789,-0.149637686917,-0.114255084109,0.0,473.8632569024106,473.22689800516787,474.99676130016815,473.9733252631972
2.640000000000002,0.164750787554,-1.63061741068,16.0033924341,6.03426896163,6.21416685304,0.0,0.351006986983,-2.57416951129,4.28246388962,-0.132038183613,-0.153253499187,0.0,474.52336156128064,471.50598049377527,471.83086746870765,473.16984213050773
2.700000000000002,0.186787766528,-1.78856693612,16.2560156653,6.02607605065,6.20489219997,0.0,0.384216748382,-2.69149506841,4.13849547836,-0.147566892983,-0.157362828438,0.0,382.40256093919476,381.9839722027857,383.70839828106773,382.21029711693114
2.760000000000002,0.211425316955,-1.95520782792,16.5057383879,6.01730440632,6.1953589963,0.0,0.437923305123,-2.86396551576,4.1848498574,-0.143583850817,-0.162118823571,0.0,448.6331322634066,448.22301457800353,448.8988259950198,449.2021857332924
2.820000000000002,0.239408137788,-2.132182432,16.7574799251,6.0087333816,6.18663160793,0.0,0.495658977052,-3.03592479181,4.20587096946,-0.141424107055,-0.124166395811,0.0,440.30795408737856,443.41588528958107,442.28235971815747,442.4410938419538
2.880000000000002,0.271161992149,-2.3200531288,17.0118663885,6.0001067249,6.17930982533,0.0,0.563490143919,-3.22716445067,4.2727655085,-0.148950741211,-0.11807008702,0.0,458.6443710481705,459.1153872635992,458.3742923073911,457.7570048095912
2.940000000000002,0.307367919409,-2.52020655273,17.2723295098,5.99177512571,6.17298550687,0.0,0.644013711365,-3.44533819935,4.40803658393,-0.123919234574,-0.0877527333501,0.0,480.94973562036364,483.2314714032694,480.51913873088256,482.396474409042
3.000000000000002,0.3483430217,-2.73312607219,17.5391264115,5.98505372141,6.1676848572,0.0,0.722286108162,-3.65255388033,4.48419822673,-0.0951477698978,-0.089553201368,0.0,466.9693835937413,466.82281504127786,464.14792390149114,466.38974695311055
3.0600000000000023,0.393855011059,-2.95794543272,17.8082244062,5.97967789985,6.16215944774,0.0,0.79523469083,-3.84190900892,4.48513306885,-0.08033183234,-0.0977152622751,0.0,445.1945460204536,444.518919047628,442.1183550572395,443.3307365160077
3.1200000000000023,0.443870980434,-3.19429850422,18.0775084404,5.97455642981,6.15636299288,0.0,0.872451562944,-4.03696157901,4.49036118482,-0.0980046069961,-0.0944810424719,0.0,447.0483516785015,447.303942141658,446.6664285999631,445.2164481548412
3.1800000000000024,0.498506691101,-3.44218782671,18.3461562575,5.96838969429,6.15043524986,0.0,0.949207334211,-4.22655807998,4.46401634093,-0.114618551346,-0.109230030188,0.0,437.79606691451767,436.55821305082884,438.44892130643655,437.0566372057913
3.2400000000000024,0.558153891458,-3.70227431286,18.6152670501,5.96127723703,6.14365161504,0.0,1.039594061,-4.44355954232,4.50533625483,-0.127832275439,-0.122092517367,0.0,461.3292369950613,460.30132221098864,462.10103698235434,461.04586837060793
3.3000000000000025,0.623112025777,-3.97498594768,18.8851141212,5.9534928222,6.13702044052,0.0,1.12623470391,-4.64748470584,4.48879043504,-0.133854103147,-0.0939777768786,0.0,443.35143352025233,445.64453927354685,444.56500655245,444.05576287112586
3.3600000000000025,0.69340375269,-4.26014063856,19.1540204882,5.94549835858,6.13095253441,0.0,1.21727107097,-4.85835049528,4.47392180713,-0.132043612046,-0.121940077046,0.0,447.6585616170464,445.36764631383335,446.91975782249074,447.0510976296735
3.4200000000000026,0.769257203013,-4.5580802525,19.4218535451,5.9371929865,6.12327745401,0.0,1.31176729548,-5.07364424804,4.45296631232,-0.155909512867,-0.143863802345,0.0,447.7706909514036,445.967979618708,447.39969607407227,445.43372796826316
3.4800000000000026,0.850794467035,-4.86884562464,19.6875948486,5.92740981235,6.11510475132,0.0,1.40679035942,-5.28598294659,4.40422107374,-0.183793157632,-0.124158298001,0.0,438.3714618603402,439.9885134284521,440.5968422143774,438.2584453731468
3.5400000000000027,0.937692685577,-5.19156805959,19.9476915508,5.91608602637,6.10732608928,0.0,1.49036444739,-5.47235948936,4.26523843347,-0.201072707454,-0.1438257912,0.0,409.9368761379036,408.16769392211074,409.99433222028046,408.41738442913714
3.6000000000000028,1.03091224299,-5.52806055966,20.2055458485,5.90437717887,6.09861598257,0.0,1.61763885122,-5.7449246468,4.32807779276,-0.185369224456,-0.147995300013,0.0,480.25174970669735,479.9173233899068,478.82666481013246,479.98567977084144
3.660000000000003,1.13165613158,-5.88058039848,20.4655660439,5.89270045696,6.08998150198,0.0,1.74114793949,-6.00655286843,4.33769539229,-0.228683019291,-0.136788862584,0.0,464.92971160148636,465.7886817526592,469.1978945342597,465.78510571911386
3.720000000000003,1.23993743018,-6.24897677759,20.7258367232,5.87882872425,6.08184497893,0.0,1.8687966583,-6.27430171442,4.33625733027,-0.236752668477,-0.133349555383,0.0,465.99398136393154,466.24676363740843,467.1428923311506,466.46257452939534
3.780000000000003,1.35566986435,-6.63302228336,20.9842416711,5.86476431529,6.07459570847,0.0,1.98944035156,-6.52821556907,4.27578864644,-0.230093521792,-0.103306247528,0.0,448.1641613426577,450.5864323668701,451.1592762190781,451.64290032254206
3.840000000000003,1.47990896693,-7.03477101913,21.2437908466,5.85105052896,6.06903136365,0.0,2.15210507357,-6.8642469804,4.3731991079,-0.225670978816,-0.0772676795237,0.0,505.2839583831717,507.1516067431281,504.9832834035247,505.2572198740968
3.900000000000003,1.61318885478,-7.45539267386,21.5055154274,5.83745563757,6.06443801311,0.0,2.2907152762,-7.1573620806,4.34907261554,-0.228464037276,-0.0751696677927,0.0,472.4870835509777,472.6445954998591,471.52708993049987,471.2634336870561
3.960000000000003,1.75401709404,-7.89223001012,21.762185496,5.82356058649,6.05976904586,0.0,2.403787019,-7.40488208976,4.20547883438,-0.238680875498,-0.0837139607557,0.0,434.9387979959652,434.21738597333376,434.4882094963534,433.57554717989507
4.020000000000002,1.90257849655,-8.34588255868,22.0135418135,5.8086803285,6.05468625376,0.0,2.54840672294,-7.71773324095,4.17093133352,-0.282831441953,-0.0867891408533,0.0,475.63023287864894,475.38922013664836,477.78350676356354,474.34440175602117
4.080000000000001,2.05868587039,-8.8162070616,22.2579684911,5.79188290878,6.0494535016,0.0,2.65542958058,-7.96086446173,3.9754769921,-0.27476350209,-0.0880724617333,0.0,422.42232940855376,422.30488128356416,423.16041207672487,423.77091069552637
4.14,2.22242648317,-9.30364478659,22.4947033622,5.77501185172,6.04400227008,0.0,2.80270917116,-8.28795711141,3.91329752241,-0.298802638884,-0.097089985934,0.0,475.19942771051467,474.50109171289625,475.5697981333216,473.6487147862393
4.199999999999998,2.39488713827,-9.81060799895,22.7267092441,5.75698091028,6.03847762156,0.0,2.94610554185,-8.61173872862,3.81783442087,-0.30417285958,-0.0835800189088,0.0,468.35006588458504,469.39323093197913,469.10685055762235,468.60262591536053
4.259999999999997,2.5756957342,-10.3366285421,22.9515524905,5.73939758471,6.03336049744,0.0,3.08093654915,-8.9232035503,3.6747930637,-0.277013496819,-0.0889325349576,0.0,457.85447238386416,457.42252582278013,456.2938624784064,458.37190549552867
4.319999999999996,2.76446267597,-10.8812111116,23.1668785832,5.72325777709,6.02772475041,0.0,3.21142937078,-9.23041866307,3.5007850221,-0.256501334543,-0.106479205676,0.0,452.2920024671284,450.8686074371486,450.11517452312074,451.7002594965669
4.379999999999995,2.96140215427,-11.4450284082,23.3723695215,5.70907220764,6.02139462308,0.0,3.35337933313,-9.56419037843,3.34669225567,-0.2124830886,-0.103617798282,0.0,464.316467758485,464.5317684616552,461.3108654550155,464.7190924792828
4.439999999999993,3.16640033185,-12.0280163537,23.5666488283,5.69607100013,6.01508831709,0.0,3.48010829141,-9.86954412859,3.12760634489,-0.226779945809,-0.108256395577,0.0,444.6718715982059,444.28191549099,444.8422391189114,443.6227645655705
4.499999999999992,3.37963936945,-12.630685017,23.7492233137,5.68193474404,6.00852859625,0.0,3.62797931851,-10.220011587,2.95583811873,-0.266051623577,-0.111562394685,0.0,468.0414398421548,467.77408422327136,468.1014758392888,464.9794972532713
4.559999999999991,3.60097904177,-13.2529131341,23.9186889855,5.66599599471,6.00209224716,0.0,3.75019374096,-10.5217803504,2.69115750838,-0.264848117758,-0.0998438269812,0.0,435.97850859410505,436.9465052209764,437.8914266343528,437.91927726668536
4.6199999999999894,3.83010091032,-13.8942555483,24.073063275,5.64981582863,5.99640103057,0.0,3.88724403343,-10.8570054303,2.45233454169,-0.281634223015,-0.0863886454849,0.0,452.65510382683834,453.7294796877475,453.3128453198563,451.8888771999205
4.679999999999988,4.0660369883,-14.5530203652,24.208796492,5.63321528914,5.99144936162,0.0,3.97750349096,-11.1029781329,2.07095819292,-0.268268504456,-0.0757533637365,0.0,398.4518769770397,399.41700613229705,397.22879181091014,398.36566695854566
4.739999999999987,4.30987565866,-15.2317137678,24.3278626511,5.61712659241,5.98689453267,0.0,4.1501458731,-11.5204343598,1.8945147973,-0.267899526219,-0.0762364794054,0.0,488.5360941218004,488.4960895841264,487.08233455570956,487.04429024835406
4.799999999999986,4.56241906011,-15.9322912879,24.4315775768,5.60155260887,5.98267133315,0.0,4.26795404358,-11.8330062864,1.56063135149,-0.246682968152,-0.0607033020412,0.0,432.5985071490953,433.9010626443315,431.248980176709,432.96770791042786
4.859999999999984,4.8220402903,-16.6518310506,24.5148909875,5.58695549256,5.97858960135,0.0,4.38603265293,-12.1525258865,1.21443989121,-0.237245240359,-0.0896543034882,0.0,434.43933931054374,431.99993023455175,432.92912329379834,433.66190881657684
4.919999999999983,5.08977740688,-17.3928285461,24.579524511,5.57244583413,5.97312709933,0.0,4.53835704197,-12.5477884138,0.93696310833,-0.253053037016,-0.093969617125,0.0,469.5433403612549,469.2018227816544,469.0926717603831,467.80742591542554
4.979999999999982,5.36499906818,-18.1543290166,24.6230796898,5.55826961284,5.96764927228,0.0,4.63582700056,-12.8366443206,0.513085834917,-0.214892546706,-0.086429548774,0.0,412.7814401897873,413.4389149712238,411.1078672237823,414.4146263091597
5.0399999999999805,5.64640104626,-18.9340093426,24.64153907,5.5452465679,5.96240773989,0.0,4.74429487542,-13.1537246841,0.100163734502,-0.221750648506,-0.0892841146247,0.0,424.75068707660586,424.49897381019605,423.54931966096484,422.9095401412486
